-1.000000000000000000e+01 -5.499403272220956040e+00
-9.797979797979797567e+00 -5.093696399318886847e+00
-9.595959595959595134e+00 -7.596652411112435388e+00
-9.393939393939394478e+00 -7.914393894603269253e+00
-9.191919191919192045e+00 -4.710843685267777303e+00
-8.989898989898989612e+00 -5.657437164881690350e+00
-8.787878787878787179e+00 -3.330077380911799168e+00
-8.585858585858586522e+00 -2.580328283155862046e+00
-8.383838383838384090e+00 -4.939713065434249373e+00
-8.181818181818181657e+00 -2.750570167429942536e+00
-7.979797979797979224e+00 -2.499529007120432134e+00
-7.777777777777777679e+00 -4.505887505146104033e+00
-7.575757575757576134e+00 -3.880113151189388709e+00
-7.373737373737373701e+00 -3.584420020527511852e+00
-7.171717171717171269e+00 -5.828571962524895511e-01
-6.969696969696969724e+00 -2.024395509936270710e+00
-6.767676767676768179e+00 1.132368051949399046e+00
-6.565656565656565746e+00 -2.658568741885675824e+00
-6.363636363636363313e+00 -5.733809195221226673e-01
-6.161616161616161769e+00 3.184583414228923104e-01
-5.959595959595959336e+00 -2.663376499734131375e-01
-5.757575757575757791e+00 1.865258458108014938e+00
-5.555555555555555358e+00 -2.051053716157132945e-01
-5.353535353535353813e+00 3.735024550986983272e+00
-5.151515151515151381e+00 2.420057364737772332e+00
-4.949494949494949836e+00 1.146900728993200058e+00
-4.747474747474747403e+00 1.023178054710765172e+00
-4.545454545454545858e+00 5.000618816517456544e+00
-4.343434343434343425e+00 3.309701508613450471e+00
-4.141414141414141881e+00 3.863717854401653717e+00
-3.939393939393939448e+00 4.485874386263242641e+00
-3.737373737373737903e+00 6.256671878754666238e+00
-3.535353535353535470e+00 4.147781640758945620e+00
-3.333333333333333037e+00 4.721127967670254222e+00
-3.131313131313131493e+00 4.431444238130620050e+00
-2.929292929292929060e+00 8.127171588757867937e+00
-2.727272727272727515e+00 5.088641182942737373e+00
-2.525252525252525082e+00 6.527612735740341066e+00
-2.323232323232323537e+00 9.897177669598256955e+00
-2.121212121212121104e+00 8.868669445604105306e+00
-1.919191919191918672e+00 9.219813854722175961e+00
-1.717171717171718015e+00 1.038589069647436602e+01
-1.515151515151515582e+00 1.174224394778831737e+01
-1.313131313131313149e+00 1.125104979830388885e+01
-1.111111111111110716e+00 1.155832340193628838e+01
-9.090909090909100598e-01 1.027128101279495276e+01
-7.070707070707076269e-01 9.657822741806935340e+00
-5.050505050505051940e-01 1.374079599980732880e+01
-3.030303030303027612e-01 1.127041581636042267e+01
-1.010101010101003283e-01 1.061869647379663029e+01
1.010101010101003283e-01 1.134499877968553960e+01
3.030303030303027612e-01 1.331784096000540707e+01
5.050505050505051940e-01 1.340785989031687109e+01
7.070707070707076269e-01 1.260508648575013879e+01
9.090909090909082835e-01 1.668682410824992957e+01
1.111111111111110716e+00 1.489211069709149093e+01
1.313131313131313149e+00 1.744480698778071570e+01
1.515151515151515582e+00 1.381770789341869410e+01
1.717171717171716239e+00 1.499443117998917074e+01
1.919191919191918672e+00 1.669673770356304487e+01
2.121212121212121104e+00 1.572709940288310548e+01
2.323232323232323537e+00 1.821378518282276104e+01
2.525252525252524194e+00 1.731145113522400436e+01
2.727272727272726627e+00 1.669277385679677650e+01
2.929292929292929060e+00 1.882422249382284463e+01
3.131313131313131493e+00 1.649843630647968951e+01
3.333333333333333925e+00 1.940614199860380396e+01
3.535353535353534582e+00 2.126877377842708583e+01
3.737373737373737015e+00 2.190145479992240851e+01
3.939393939393939448e+00 2.125504388486642071e+01
4.141414141414141881e+00 2.270092949995813569e+01
4.343434343434342537e+00 2.016482711424443508e+01
4.545454545454544970e+00 1.983583534045995833e+01
4.747474747474747403e+00 2.418327650854796573e+01
4.949494949494949836e+00 2.439319214973808414e+01
5.151515151515150492e+00 2.309111350678401564e+01
5.353535353535352925e+00 2.257256964911077901e+01
5.555555555555555358e+00 2.367404279155768876e+01
5.757575757575757791e+00 2.633614260710041322e+01
5.959595959595958448e+00 2.209628692578390385e+01
6.161616161616162657e+00 2.636495275569460617e+01
6.363636363636363313e+00 2.307323231112872719e+01
6.565656565656563970e+00 2.698966094026597773e+01
6.767676767676768179e+00 2.584917651614640732e+01
6.969696969696968836e+00 2.815209969112337163e+01
7.171717171717173045e+00 2.645074599572266649e+01
7.373737373737373701e+00 2.915531341589681347e+01
7.575757575757574358e+00 2.548847698572724951e+01
7.777777777777778567e+00 3.051422249726609337e+01
7.979797979797979224e+00 2.769961907827096326e+01
8.181818181818179880e+00 2.921684524559763929e+01
8.383838383838384090e+00 2.850323000850926292e+01
8.585858585858584746e+00 2.942513141545822108e+01
8.787878787878788955e+00 2.833992005479284870e+01
8.989898989898989612e+00 2.886304126705444162e+01
9.191919191919190268e+00 3.295525044826527505e+01
9.393939393939394478e+00 3.189254108953873867e+01
9.595959595959595134e+00 2.921349003944433775e+01
9.797979797979799343e+00 3.155336350128579070e+01
1.000000000000000000e+01 3.054567142620511788e+01
