-0.82099
-0.82099
1.65236
-0.57529
1.09897
0.92595
-0.99341
-0.85822
0.07489
0.52936
-0.22442
-0.22442
-1.55668
0.05594
0.16147
-2.13464
0.10967
0.44301
0.39627
0.24980
-1.28043
-1.28043
-0.97547
-0.26909
-1.10574
-0.12799
-0.61783
-0.98913
-2.85989
-0.79435
1.70064
1.70064
-0.63544
0.00457
1.13330
0.14164
2.09172
-1.26956
-0.72282
-0.01939
-1.11907
-1.11907
-0.69828
2.10708
-0.00256
0.40901
0.28364
-1.94985
0.38603
0.23064
-0.66655
-0.66655
1.79777
0.66380
1.12381
-1.13431
1.18445
0.70126
0.45550
-0.08149
0.44072
0.44072
1.64271
0.44796
-0.78672
-0.17314
2.31948
-0.32860
-0.23886
-0.21672
1.80692
1.80692
-0.56431
0.54354
0.54288
0.20714
-0.23127
0.28252
-1.04687
-0.83735
-1.15449
-1.15449
1.40001
-0.24781
-2.66057
0.01724
-0.11652
1.12144
-0.35212
-1.05272
-0.34688
-0.34688
0.29723
-1.99264
1.19001
-1.00337
1.30519
-0.82438
0.11207
-0.44937
